           1           2   1.0200151388162366     
           2           3   1.0078735749336081     
           3           4   1.0200151367679333     
           1           5  0.98643468448065075     
           1           6  0.98778480896152676     
           1           7  0.98772655606453930     
           2           8  0.97845600788464604     
           2           9  0.97903158539719315     
           3          10  0.97845600403634869     
           3          11  0.97903158628834708     
           4          12  0.98772655819223010     
           4          13  0.98643466638702981     
           4          14  0.98778483219501234     
